True
(120, 4, 288)
[0, 0, 0, 0, 0, 0, 0, 0, 0, 0, 0, 0, 0, 0, 0, 0, 0, 0, 0, 0, 0, 0, 0, 0, 0, 0, 0, 0, 0, 0, 0, 0, 0, 0, 0, 0, 0, 0, 0, 0, 0, 0, 0, 0, 0, 0, 0, 0, 0, 0, 0, 0, 0, 0, 0, 0, 0, 0, 0, 0, 0, 0, 0, 0, 0, 0, 0, 0, 0, 0, 0, 0, 0, 0, 0, 0, 0, 0, 0, 0, 0, 0, 0, 0, 0, 0, 0, 0, 0, 0, 0, 0, 0, 0, 0, 0, 0, 0, 0, 0, 0, 0, 0, 0, 0, 0, 0, 0, 0, 0, 0, 0, 0, 0, 0, 0, 0, 0, 0, 0, 0, 0, 0, 0, 0, 0, 0, 0, 0, 0, 0, 0, 0, 0, 0, 0, 0, 0, 0, 0, 0, 0, 0, 0, 0, 0, 0, 0, 0, 0, 0, 0, 0, 0, 0, 0, 0, 0, 0, 0, 0, 0, 0, 0, 0, 0, 0, 0, 0, 0, 0, 0, 0, 0, 0, 0, 0, 0, 0, 0, 0, 0, 0, 0, 0, 0, 0, 0, 0, 0, 0, 0, 0, 0, 0, 0, 0, 0, 0, 0, 0, 0, 0, 0, 0, 0, 0, 0, 0, 0, 0, 0, 0, 0, 0, 0, 0, 0, 0, 0, 0, 0, 0, 0, 0, 0, 0, 0, 0, 0, 0, 0, 0, 0, 0, 0, 0, 0, 0, 0, 0, 0, 0, 0, 0, 0, 0, 0, 0, 0, 0, 0, 0, 0, 0, 0, 0, 0, 0, 0, 0, 0, 0, 0, 0, 0, 0, 0, 0, 0, 0, 0, 0, 0, 0, 0, 0, 0, 0, 0, 0, 0, 0, 0, 0, 0, 0, 0, 0, 0, 0, 0, 0, 0, 0, 0, 0, 0, 0, 0, 0, 0, 0, 0, 0, 0, 0, 0, 0, 0, 0, 0, 0, 0, 0, 0, 0, 0, 0, 0, 0, 0, 0, 0, 0, 0, 0, 0, 0, 0, 0, 0, 0, 0, 0, 0, 0, 0, 0, 0, 0, 0, 0, 0, 0, 0, 0, 0, 0, 0, 0, 0, 0, 0, 0, 0, 0, 0, 0, 0, 0, 0, 0, 0, 0, 0, 0, 0, 0, 0, 0, 0, 0, 0, 0, 0, 0, 0, 0, 0, 0, 0, 0, 0, 0, 0, 0, 0, 0, 0, 0, 0, 0, 0, 0, 0, 0, 0, 0, 0, 0, 0, 0, 0, 0, 0, 0, 0, 0, 0, 0, 0, 0, 0, 0, 0, 0, 0, 0, 0, 0, 0, 0, 0, 0, 0, 0, 0, 0, 0, 0, 0, 0, 0, 0, 0, 0, 0, 0, 0, 0, 0, 0, 0, 0, 0, 0, 0, 0, 0, 0, 0, 0, 0, 0, 0, 0, 0, 0, 0, 0, 0, 0, 0, 0, 0, 0, 0, 0, 0, 0, 0, 0, 0, 0, 0, 0, 0, 0, 0, 0, 0, 0, 0, 0, 0, 0, 0, 0, 0, 0, 0, 0, 0, 0, 0, 0, 0, 0, 0, 0, 0, 0, 0, 0, 0, 0, 0, 0, 0, 0, 0, 0, 0, 0, 0, 0, 0, 0, 0, 0, 0, 0, 0, 0, 0, 0, 0, 0, 0, 0, 0, 0, 0, 0, 0, 0, 0, 0, 0, 0, 0, 0, 0, 0, 0, 0, 0, 0, 0, 0, 0, 0, 0, 0, 0, 0, 0, 0, 0, 0, 0, 0, 0, 0, 0, 0, 0, 0, 0, 0, 0, 0, 0, 0, 0, 0, 0, 0, 0, 0, 0, 0, 0, 0, 0, 0, 0, 0, 0, 0, 0, 0, 0, 0, 0, 0, 0, 0, 0, 0, 0, 0, 0, 0, 0, 0, 0, 0, 0, 0, 0, 0, 0, 0, 0, 0, 0, 0, 0, 0, 0, 0, 0, 0, 0, 0, 0, 0, 0, 0, 0, 0, 0, 0, 0, 0, 0, 0, 0, 0, 0, 0, 0, 0, 0, 0, 0, 0, 0, 0, 0, 0, 0, 0, 0, 0, 0, 0, 0, 0, 0, 0, 0, 0, 0, 0, 0, 0, 0, 0, 0, 0, 0, 0, 0, 0, 0, 0, 0, 0, 0, 0, 0, 0, 0, 0, 0, 0, 0, 0, 0, 0, 0, 0, 0, 0, 0, 0, 0, 0, 0, 0, 0, 0, 0, 0, 0, 0, 0, 0, 0, 0, 0, 0, 0, 0, 0, 0, 0, 0, 0, 0, 0, 0, 0, 0, 0, 0, 0, 0, 0, 0, 0, 0, 0, 0, 0, 0, 0, 0, 0, 0, 0, 0, 0, 0, 0, 0, 0, 0, 0, 0, 0, 0, 0, 0, 0, 0, 0, 0, 0, 0, 0, 0, 0, 0, 0, 0, 0, 0, 0, 0, 0, 0, 0, 0, 0, 0, 0, 0, 0, 0, 0, 0, 0, 0, 0, 0, 0, 0, 0, 0, 0, 0, 0, 0, 0, 0, 0, 0, 0, 0, 0, 0, 0, 0, 0, 0, 0, 0, 0, 0, 0, 0, 0, 0, 0, 0, 0, 0, 0, 0, 0, 0, 0, 0, 0, 0, 0, 0, 0, 0, 0, 0, 0, 0, 0, 0, 0, 0, 0, 0, 0, 0, 0, 0, 0, 0, 0, 0, 0, 0, 0, 0, 0, 0, 0, 0, 0, 0, 0, 0, 0, 0, 0, 0, 0, 0, 0, 0, 0, 0, 0, 0, 0, 0, 0, 0, 0, 0, 0, 0, 0, 0, 0, 0, 0, 0, 0, 0, 0, 0, 0, 0, 0, 0, 0, 0, 0, 0, 0, 0, 0, 0, 0, 0, 0, 0, 0, 0, 0, 0, 0, 0, 0, 0, 0, 0, 0, 0, 0, 0, 0, 0, 0, 0, 0, 0, 0, 0, 0, 0, 0, 0, 0, 0, 0, 0, 0, 0, 0, 0, 0, 0, 0, 0, 0, 0, 0, 0, 0, 0, 0, 0, 0, 0, 0, 0, 0, 0, 0, 0, 0, 0, 0, 0, 0, 0, 0, 0, 0, 0, 0, 0, 0, 0, 0, 0, 0, 0, 0, 0, 0, 0, 0, 0, 0, 0, 0, 0, 0, 0, 0, 0, 0, 0, 0, 0, 0, 0, 0, 0, 0, 0, 0, 0, 0, 0, 0, 0, 0, 0, 0, 0, 0, 0, 0, 0, 0, 0, 0, 0, 0, 0, 0, 0, 0, 0, 0, 0, 0, 0, 0, 0, 0, 0, 0, 0, 0, 0, 0, 0, 0, 0, 0, 0, 0, 0, 0, 0, 0, 0, 0, 0, 0, 0, 0, 0, 0, 0, 0, 0, 0, 0, 0, 0, 0, 0, 0, 0, 0, 0, 0, 0, 0, 0, 0, 0, 0, 0, 0, 0, 0, 0, 0, 0, 0, 0, 0, 0, 0, 0, 0, 0, 0, 0, 0, 0, 0, 0, 0, 0, 0, 0, 0, 0, 0, 0, 0, 0, 0, 0, 0, 0, 0, 0, 0, 0, 0, 0, 0, 0, 0, 0, 0, 0, 0, 0, 0, 0, 0, 0, 0, 0, 0, 0, 0, 0, 0, 0, 0, 0, 0, 0, 0, 0, 0, 0, 0, 0, 0, 0, 0, 0, 0, 0, 0, 0, 0, 0, 0, 0, 0, 0, 0, 0, 0, 0, 0, 0, 0, 0, 0, 0, 0, 0, 0, 0, 0, 0, 0, 0, 0, 0, 0, 0, 0, 0, 0, 0, 0, 0, 0, 0, 0, 0, 0, 0, 0, 0, 0, 0, 0, 0, 0, 0, 0, 0, 0, 0, 0, 0, 0, 0, 0, 0, 0, 0, 0, 0, 0, 0, 0, 0, 0, 0, 0, 0, 0, 0, 0, 0, 0, 0, 0, 0, 0, 0, 0, 0, 0, 0, 0, 0, 0, 0, 0, 0, 0, 0, 0, 0, 0, 0, 0, 0, 0, 0, 0, 0, 0, 0, 0, 0, 0, 0, 0, 0, 0, 0, 0, 0, 0, 0, 0, 0, 0, 0, 0, 0, 0, 0, 0, 0, 0, 0, 0, 0, 0, 0, 0, 0, 0, 0, 0, 0, 0, 0, 0, 0, 0, 0, 0, 0, 0, 0, 0, 0, 0, 0, 0, 0, 0, 0, 0, 0, 0, 0, 0, 0, 0, 0, 0, 0, 0, 0, 0, 0, 0, 0, 0, 0, 0, 0, 0, 0, 0, 0, 0, 0, 0, 0, 0, 0, 0, 0, 0, 0, 0, 0, 0, 0, 0, 0, 0, 0, 0, 0, 0, 0, 0, 0, 0, 0, 0, 0, 0, 0, 0, 0, 0, 0, 0, 0, 0, 0, 0, 0, 0, 0, 0, 0, 0, 0, 0, 0, 0, 0, 0, 0, 0, 0, 0, 0, 0, 0, 0, 0, 0, 0, 0, 0, 0, 0, 0, 0, 0, 0, 0, 0, 0, 0, 0, 0, 0, 0, 0, 0, 0, 0, 0, 0, 0, 0, 0, 0, 0, 0, 0, 0, 0, 0, 0, 0, 0, 0, 0, 0, 0, 0, 0, 0, 0, 0, 0, 0, 0, 0, 0, 0, 0, 0, 0, 0, 0, 0, 0, 0, 0, 0, 0, 0, 0, 0, 0, 0, 0, 0, 0, 0, 0, 0, 0, 0, 0, 0, 0, 0, 0, 0, 0, 0, 0, 0, 0, 0, 0, 0, 0, 0, 0, 0, 0, 0, 0, 0, 0, 0, 0, 0, 0, 0, 0, 0, 0, 0, 0, 0, 0, 0, 0, 0, 0, 0, 0, 0, 0, 0, 0, 0, 0, 0, 0, 0, 0, 0, 0, 0, 0, 0, 0, 0, 0, 0, 0, 0, 0, 0, 0, 0, 0, 0, 0, 0, 0, 0, 0, 0, 0, 0, 0, 0, 0, 0, 0, 0, 0, 0, 0, 0, 0, 0, 0, 0, 0, 0, 0, 0, 0, 0, 0, 0, 0, 0, 0, 0, 0, 0, 0, 0, 0, 0, 0, 0, 0, 0, 0, 0, 0, 0, 0, 0, 0, 0, 0, 0, 0, 0, 0, 0, 0, 0, 0, 0, 0, 0, 0, 0, 0, 0, 0, 0, 0, 0, 0, 0, 0, 0, 0, 0, 0, 0, 0, 0, 0, 0, 0, 0, 0, 0, 0, 0, 0, 0, 0, 0, 0, 0, 0, 0, 0, 0, 0, 0, 0, 0, 0, 0, 0, 0, 0, 0, 0, 0, 0, 0, 0, 0, 0, 0, 0, 0, 0, 0, 0, 0, 0, 0, 0, 0, 0, 0, 0, 0, 0, 0, 0, 0, 0, 0, 0, 0, 0, 0, 0, 0, 0, 0, 0, 0, 0, 0, 0, 0, 0, 0, 0, 0, 0, 0, 0, 0, 0, 0, 0, 0, 0, 0, 0, 0, 0, 0, 0, 0, 0, 0, 0, 0, 0, 0, 0, 0, 0, 0, 0, 0, 0, 0, 0, 0, 0, 0, 0, 0, 0, 0, 0, 0, 0, 0, 0, 0, 0, 0, 0, 0, 0, 0, 0, 0, 0, 0, 0, 0, 0, 0, 0, 0, 0, 0, 0, 0, 0, 0, 0, 0, 0, 0, 0, 0, 0, 0, 0, 0, 0, 0, 0, 0, 0, 0, 0, 0, 0, 0, 0, 0, 0, 0, 0, 0, 0, 0, 0, 0, 0, 0, 0, 0, 0, 0, 0, 0, 0, 0, 0, 0, 0, 0, 0, 0, 0, 0, 0, 0, 0, 0, 0, 0, 0, 0, 0, 0, 0, 0, 0, 0, 0, 0, 0, 0, 0, 0, 0, 0, 0, 0, 0, 0, 0, 0, 0, 0, 0, 0, 0, 0, 0, 0, 0, 0, 0, 0, 0, 0, 0, 0, 0, 0, 0, 0, 0, 0, 0, 0, 0, 0, 0, 0, 0, 0, 0, 0, 0, 0, 0, 0, 0, 0, 0, 0, 0, 0, 0, 0, 0, 0, 0, 0, 0, 0, 0, 0, 0, 0, 0, 0, 0, 0, 0, 0, 0, 0, 0, 0, 0, 0, 0, 0, 0, 0, 0, 0, 0, 0, 0, 0, 0, 0, 0]
reach 1
reach 2
reach 3
reach here 1
144
320
test 1
test 2
test 3
test 4
reach here 2
packed_weights:[72, 4]
block size:[320, 16]
group: 0
block:0, 0
    1     2     0    -2     3    -2     2    -1    -3    -3    -4     4    -1    -1    -1     1 
   -2    -4    -4    -3     4    -1    -2     0     2    -3     0    -1    -2    -3    -1    -3 
   -3    -4     0     0     1     1     2    -3    -2    -3    -1     2    -3    -1    -3     2 
    4     4    -1    -4    -1     1     2     4     0    -2    -2     2    -4     0    -2     4 
   -3     4    -1     1    -3     4    -2     3     2    -1     4     0     2     3     0     4 
    1     1     2     0    -3    -1    -3    -3    -3     3     1    -1    -2     4     0     2 
   -2     0     1    -2    -4     4     1    -3    -3    -3     0     2     4     2    -1    -2 
    2     3    -2     2    -3    -3    -2     3     2    -4    -2     4     1     0    -4    -4 
   -3    -2     3     3    -3     2    -2     4     2     3     2     1    -3     2    -4     2 
    3     2     3    -3     0    -4    -1    -2    -1     2    -4     0     1     3    -4     2 
   -1     3     4     4     0    -2     2     2     2    -1     3     1     3     0     3     3 
    4    -3    -1     4    -4    -3     3     3    -1     4    -2    -1     1     1    -3     2 
    2     1     1    -2     4     0     3     3    -4     3     3     4    -1     1    -2    -1 
    1     0     4    -4    -2    -2     3     3     3    -2    -2     0    -3     1    -4    -1 
   -2     2    -3    -4    -3    -3     2     0    -4     1     4    -1     1    -2    -3    -3 
   -3    -1     3     1    -1     3     4     2    -4     1    -3    -1     3    -3    -2     2 
    2    -2    -2    -1    -2     1    -1     0    -3    -4     2    -1     1     0    -1     0 
   -1     3    -1    -4     2     2    -3    -3     3    -2     0     4    -2     1    -4     0 

group: 1
block:0, 0
   -1     2     3    -4    -1    -2    -2     3    -1     3     0    -2    -2     3     3     3 
    3     4     0     2     0    -2    -2     3    -3     4     1     1    -2    -4     4     3 
    3    -1    -4     2     0    -4     1     0    -3    -2     3     3     3     4     1    -2 
    0     2    -2     1     2     4     4     2    -1     0     0    -4    -3    -2    -1     1 
    0    -3    -3    -3    -4    -3    -4    -2    -1    -3    -2     1    -1     1     3    -1 
   -4     4    -4    -2    -1     1    -1     3     4     4    -2    -4     0    -1    -2    -2 
    1    -1    -3     2     3    -2    -1     1     1     4     2    -1     4    -2     3     0 
   -4    -2     2     2     1     2     0    -4    -4     4    -1    -1     0    -4    -3     2 
    1     3     3    -4     0    -3     4     2    -2    -3     4     1     0    -4    -3     0 
    2     0     2     4     2     0     0    -3     2    -4     2     1    -1    -2     4     0 
   -3    -3    -1     0    -3    -4    -1    -2     2    -3     3    -4    -1    -3    -1    -3 
    3    -2     2    -3     2    -1    -2    -4    -1    -4     1    -1     3    -4    -3    -1 
   -1     1     1     0    -1    -3    -4     3    -3    -2     3     2     2     2     2     4 
    3    -1     4     2     2     0    -3     3    -1     1     0     2    -2     3    -3    -2 
    2     3     2    -1     1     2    -3     3     1    -1    -2    -2    -4    -2     4     0 
   -4    -3    -1     3     1    -3    -1     3     3    -1    -4    -1     1    -3     2    -2 
   -3    -1     4    -2     2     3    -2     1     2    -2     3    -3    -4    -4     3     1 
   -2     1    -3    -3    -4    -2     0    -3    -2     0     4     1     0     0    -1    -1 

group: 2
block:0, 0
    4    -2     0     1     4     1     0    -2    -2     0    -1    -1     1    -4    -4     3 
    0    -3    -3     4     3     3    -3     4    -1     4    -2     2     2     1    -3     2 
   -1    -2     3    -1    -4     3     4    -3     3    -3     2     0    -3    -2    -2    -1 
    0     0    -2    -2    -4    -2     2     0    -3    -2     4    -1    -2    -1     4    -2 
    2     3    -1    -4     2    -4     2     2     1     1     0    -3     4     2     2     0 
    4     3     3     0    -2     0     4    -3    -4    -4     1    -3    -1     2    -3    -2 
   -2    -3    -4    -3    -2     4     1     2     4     2     4     2    -3     2     2     4 
    2     1     2    -4     0     4    -1     3    -1    -2    -1    -4     0     1    -2    -4 
   -1     0     3     4    -4     2     2     4     3     3     1     2    -3    -3    -3     2 
   -3    -3    -4     0    -1    -2    -1    -4     3    -2     0     3    -2     4    -2     4 
    1     1    -2    -1    -1     1    -1    -3    -3    -4     2    -3     2     3    -3     0 
    4    -1     3    -1    -2     0     0     4     2     4     2     1     1    -2    -4     0 
    3    -2     4     2     4     4    -4    -3     3     0     2     4     1     4     0     1 
    0    -2    -2    -2     0    -2     1    -2     3     3    -4     2     3     4    -4     4 
   -4     2    -2    -3     4    -3     2     0    -4    -2    -3     0    -3     1    -3    -3 
   -2    -2    -1     4     3    -3    -2     2     3     4    -1    -4    -4    -2     0    -1 
   -1     2    -3    -1    -2     3     0    -4    -4    -3     3     0    -3     0    -4     3 
    4    -3    -2     3     2    -1     2    -4     1     3    -2    -1     4     0     0    -3 

group: 3
block:0, 0
    4    -3    -2     1    -4    -1    -4    -3     4     3    -3     1    -4     4    -2    -1 
   -1     0     2    -3    -2    -2     1     1     2     0    -1    -1    -1    -1    -3     3 
   -3     1    -4    -3    -3     3    -2     0     4    -1     1     0     3     1    -1    -2 
    3     4    -1    -2     4     2    -3     1    -1     3    -4     4     0     1    -4    -3 
    1    -4     2     0     4     2     4     2    -1    -1     2    -1     0     2     1    -1 
    0     0    -4     0    -2    -2     0     2     3     3     2     0    -3     4     2     0 
   -2     3     3    -3    -3     1     2    -1     1     2    -4    -2    -2     3     1     1 
    4    -3     0     4    -3    -2     1    -2     4     3     1     4     1     4    -1     4 
    0    -2     4     0    -3     2     4     4     1     4    -4     1    -4    -4     1    -2 
    1    -2     0     4    -1     3    -3    -1     1    -2     1    -4    -1     4     1     4 
    4     2    -4     1     4    -3    -3     1    -3    -3     4     4     4     4     3    -4 
   -1    -4     1    -3    -4     1    -2    -1     3    -3    -1    -3     4     2    -1     3 
   -1    -4     0    -4    -3    -4    -2    -4    -4    -4     2     2     0    -3     3     3 
   -1     1     0     4     2    -1     2     3     0    -3    -4    -2    -2     2     4     2 
    0     0     2    -4     1    -1     3     0    -2    -4     3    -1    -2    -3    -3     0 
    2    -3     0    -2    -4    -4    -2    -4     2     1    -4    -1     3    -3     1    -1 
   -1    -2    -2    -3     0     4    -2     1     0    -2    -2     1    -3    -3     1    -2 
    0     2     0    -3    -1     2     3     4     2    -3    -3     1     3    -4     4    -1 

0 0 0 0 0 12 0 0 0 0 0 0 24 43 0 0 0 0 0 0 0 33 0 0 0 0 0 0 2 10 0 0 0 0 0 0 0 2 0 0 0 0 0 0 29 61 0 0 0 0 0 0 0 1 0 0 0 0 0 0 13 17 1 0 0 0 0 0 0 13 0 0 0 0 0 0 7 28 0 0 0 0 0 0 0 27 0 0 0 0 0 0 22 52 0 0 0 0 0 0 0 16 0 0 0 0 0 0 3 9 0 0 0 0 0 0 0 0 0 0 0 0 0 0 2 11 0 0 0 0 0 0 0 14 0 0 0 0 0 0 47 71 0 0 0 0 0 0 0 37 0 0 0 0 0 0 28 34 24 0 0 0 0 0 0 0 0 0 0 0 0 1 37 63 0 0 0 0 0 0 0 10 0 0 0 0 0 0 24 57 0 0 0 0 0 0 0 42 0 0 0 0 0 0 2 10 0 0 0 0 0 0 0 14 0 0 7 0 0 0 30 65 0 0 0 0 0 0 0 13 0 0 0 0 0 0 11 14 0 0 0 0 0 0 0 41 0 0 0 0 0 0 16 36 0 0 0 0 0 0 0 3 0 0 0 0 0 0 39 70 0 0 0 0 0 0 0 11 0 0 6 0 0 0 29 57 0 0 0 0 0 0 0 2 0 0 0 0 0 0 9 28 0 0 0 0 0 0 0 0 0 0 0 0 0 0 12 34 0 0 0 0 0 0 0 0 0 0 0 0 0 0 39 60 0 0 0 0 0 0 0 50 0 0 0 0 0 0 4 40 0 0 0 0 0 0 0 50 0 0 0 0 0 0 23 49 0 0 0 0 0 0 0 8 0 0 0 0 0 0 8 26 0 0 0 0 0 0 0 18 0 0 6 0 0 0 10 38 0 0 0 0 0 0 0 0 0 0 0 0 0 0 11 40 0 0 0 0 0 0 0 19 0 0 0 0 0 0 13 47 0 0 0 0 0 0 0 32 0 0 0 0 0 0 14 49 0 0 0 0 0 0 0 37 0 0 0 0 0 0 10 27 0 0 0 0 0 0 0 2 0 0 0 0 0 0 14 27 0 0 0 0 0 0 0 0 0 0 0 0 0 0 18 31 0 0 0 0 0 0 0 38 0 0 0 0 0 0 25 51 0 0 0 0 0 0 0 18 0 0 0 0 0 0 8 39 0 0 0 0 0 0 0 11 0 0 0 0 0 0 0 10 0 0 0 0 0 0 0 12 0 0 0 0 0 0 16 40 0 0 0 0 0 0 0 52 0 0 0 0 0 0 26 46 7 0 0 0 0 0 0 12 0 0 0 0 0 0 20 45 0 0 0 0 0 0 0 26 0 0 0 0 0 0 26 50 0 0 0 0 0 0 0 7 0 0 0 0 0 0 15 24 0 0 0 0 0 0 0 7 0 0 0 0 0 0 13 20 0 0 0 0 0 0 0 11 0 0 0 0 0 0 12 32 0 0 0 0 0 0 0 8 0 0 0 0 0 0 15 45 0 0 0 0 0 0 0 30 0 0 0 0 0 0 21 31 0 0 0 0 0 0 0 28 0 0 0 0 0 0 0 4 0 0 0 0 0 0 0 9 0 0 0 0 0 0 9 23 0 0 0 0 0 0 0 0 0 0 0 0 0 0 21 42 0 0 0 0 0 0 0 0 0 0 0 0 0 0 18 37 0 0 0 0 0 0 0 4 0 0 0 0 0 0 7 33 0 0 0 0 0 0 0 13 0 0 0 0 0 0 11 37 0 0 0 0 0 0 0 14 0 0 0 0 0 0 4 7 7 0 0 0 0 0 0 10 0 0 0 0 0 0 25 35 0 0 0 0 0 0 0 3 0 0 0 0 0 0 25 51 0 0 0 0 0 0 0 0 0 0 0 0 0 0 32 61 0 0 0 0 0 0 0 8 0 0 0 0 0 0 7 20 0 0 0 0 0 0 0 22 0 0 0 0 0 0 33 56 0 0 0 0 0 0 0 22 0 0 0 0 0 0 20 55 0 0 0 0 0 0 0 4 0 0 0 0 0 0 18 45 0 0 0 0 0 0 0 0 0 0 0 0 0 0 35 59 0 0 0 0 0 0 0 8 0 0 0 0 0 0 28 44 0 0 0 0 0 0 0 0 0 0 0 0 0 0 9 20 0 0 0 0 0 0 0 49 0 0 0 0 0 0 16 22 0 0 0 0 0 0 0 0 0 0 0 0 0 0 16 38 0 0 0 0 0 0 0 15 0 0 0 0 0 0 12 32 0 0 0 0 0 0 0 7 0 0 0 0 0 0 6 10 0 0 0 0 0 0 0 22 0 0 0 0 0 0 3 12 0 0 0 0 0 0 0 36 0 0 0 0 0 0 4 10 0 0 0 0 0 0 0 2 0 0 0 0 0 0 34 47 0 0 0 0 0 0 0 11 0 0 0 0 0 0 24 35 10 0 0 0 0 0 0 52 0 0 0 0 0 0 11 24 0 0 0 0 0 0 0 32 0 0 0 0 0 0 30 66 0 0 0 0 0 0 0 24 0 0 10 0 0 0 19 30 0 0 0 0 0 0 0 22 0 0 0 0 0 2 2 25 0 0 0 0 0 0 0 6 0 0 0 0 0 0 0 9 0 0 0 0 0 0 0 40 0 0 0 0 0 0 1 28 0 0 0 0 0 0 0 0 0 0 0 0 0 0 0 7 0 0 0 0 0 0 0 14 0 0 0 0 0 0 15 46 0 0 0 0 0 0 0 0 0 0 0 0 0 0 5 19 0 0 0 0 0 0 0 26 0 0 0 0 0 0 9 48 0 0 0 0 0 0 0 23 0 0 0 0 0 0 3 21 0 0 0 0 0 0 0 25 0 0 0 0 0 0 25 48 0 0 0 0 0 0 0 18 0 0 0 0 0 0 25 35 0 0 0 0 0 0 0 18 0 0 6 0 0 0 40 79 0 0 0 0 0 0 0 32 0 0 0 0 0 0 15 44 0 0 0 0 0 0 0 36 0 0 0 0 0 0 0 7 0 0 0 0 0 0 0 0 0 0 0 0 0 0 0 19 0 0 0 0 0 0 0 33 0 0 0 0 0 0 16 41 0 0 0 0 0 0 0 19 0 0 0 0 0 0 36 44 0 0 0 0 0 0 0 0 0 0 0 0 0 0 11 25 0 0 0 0 0 0 0 7 0 0 0 0 0 0 7 14 0 0 0 0 0 0 0 0 0 0 0 0 0 0 17 48 0 0 0 0 0 0 0 13 0 0 0 0 0 0 24 45 0 0 0 0 0 0 0 18 0 0 0 0 0 0 2 38 0 0 0 0 0 0 0 0 0 0 11 0 0 0 16 34 0 0 0 0 0 0 0 12 0 0 0 0 0 0 0 17 0 0 0 0 0 0 0 4 0 0 0 0 0 0 14 13 0 0 0 0 0 0 0 2 0 0 0 0 0 0 0 1 0 0 0 0 0 0 0 0 0 0 0 0 0 0 22 46 0 0 0 0 0 0 0 0 0 0 0 0 0 0 7 39 0 0 0 0 0 0 0 36 0 0 13 0 0 0 20 43 0 0 0 0 0 0 0 10 0 0 0 0 0 0 12 35 0 0 0 0 0 0 0 14 0 0 0 0 0 0 23 49 0 0 0 0 0 0 0 0 0 0 0 0 0 0 33 56 0 0 0 0 0 0 0 0 0 0 0 0 0 0 41 74 0 0 0 0 0 0 0 10 0 0 0 0 0 0 6 31 0 0 0 0 0 0 0 17 0 0 0 0 0 0 27 49 0 0 0 0 0 0 0 19 0 0 0 0 0 0 10 19 0 0 0 0 0 0 0 7 0 0 0 0 0 0 27 63 0 0 0 0 0 0 0 1 0 0 0 0 0 0 29 64 0 0 0 0 0 0 0 1 0 0 0 0 0 0 2 9 0 0 0 0 0 0 0 17 0 0 0 0 0 0 31 51 0 0 0 0 0 0 0 12 0 0 0 0 0 0 18 48 0 0 0 0 0 0 0 46 0 0 0 0 0 0 28 62 0 0 0 0 0 0 0 26 0 0 0 0 0 0 42 70 0 0 0 0 0 0 0 17 0 0 0 0 0 0 15 26 0 0 0 0 0 0 0 18 0 0 0 0 0 0 19 47 0 0 0 0 0 0 0 31 0 0 0 0 0 0 0 8 0 0 0 0 0 0 0 26 0 0 0 0 0 0 13 37 0 0 0 0 0 0 0 43 0 0 0 0 0 0 8 27 0 0 0 0 0 0 0 18 0 0 0 0 0 0 0 30 0 0 0 0 0 0 0 34 0 0 0 0 0 0 0 0 0 0 
reach here 3
