Reach here python
('input_shape: ', (1, 5, 5, 4))
('W_shape: ', (3, 3, 4, 4))
('Y_shape: ', (1, 5, 5, 4))
AAA 
B:[36, 4]
block size:[256, 32]
group: 0
block:0, 0
    1     1     1     1     1     1     1     1     1     1     1     1     1     1     1     1 
    1     1     1     1     1     1     1     1     1     1     1     1     1     1     1     1 
    1     1     1     1     1     1     1     1     1     1     1     1     1     1     1     1 
    1     1     1     1     1     1     1     1     1     1     1     1     1     1     1     1 
    1     1     1     1     1     1     1     1     1     1     1     1     1     1     1     1 
    1     1     1     1     1     1     1     1     1     1     1     1     1     1     1     1 
    1     1     1     1     1     1     1     1     1     1     1     1     1     1     1     1 
    1     1     1     1     1     1     1     1     1     1     1     1     1     1     1     1 
    1     1     1     1     1     1     1     1     1     1     1     1     1     1     1     1 

BBB 
DDD 
finish weight
