BREAKPOINT: 0
BREAKPOINT: 1
BREAKPOINT: 2
BREAKPOINT: 5
[[[[2 2 1 ... 2 2 1]
   [1 2 2 ... 2 1 1]
   [2 1 1 ... 2 2 2]
   ...
   [2 2 1 ... 1 2 1]
   [2 2 1 ... 1 2 2]
   [1 2 2 ... 2 2 1]]

  [[2 2 2 ... 1 2 1]
   [1 1 2 ... 2 2 1]
   [1 1 1 ... 1 2 2]
   ...
   [2 1 1 ... 2 1 1]
   [1 1 2 ... 2 1 1]
   [2 1 1 ... 1 1 2]]

  [[1 2 2 ... 2 2 1]
   [2 2 2 ... 1 1 2]
   [2 1 2 ... 1 2 2]
   ...
   [2 2 2 ... 2 2 2]
   [2 2 1 ... 2 2 2]
   [2 1 1 ... 2 2 1]]]


 [[[2 1 2 ... 1 1 2]
   [1 1 1 ... 1 1 1]
   [1 2 1 ... 1 1 1]
   ...
   [1 1 2 ... 1 1 2]
   [2 1 2 ... 1 1 1]
   [1 2 2 ... 2 2 2]]

  [[1 2 1 ... 2 2 1]
   [1 1 2 ... 2 1 2]
   [1 2 2 ... 2 2 1]
   ...
   [1 2 2 ... 2 2 1]
   [1 1 1 ... 2 1 1]
   [1 1 2 ... 1 2 2]]

  [[2 2 1 ... 2 1 2]
   [2 2 1 ... 2 1 1]
   [1 1 1 ... 2 1 2]
   ...
   [1 1 1 ... 1 2 1]
   [1 1 1 ... 2 2 2]
   [1 2 2 ... 1 2 1]]]


 [[[1 1 1 ... 1 1 2]
   [2 1 2 ... 1 2 1]
   [2 2 1 ... 2 1 1]
   ...
   [1 2 1 ... 1 1 1]
   [2 2 2 ... 1 2 1]
   [2 1 2 ... 1 2 2]]

  [[2 2 1 ... 1 1 1]
   [1 1 2 ... 1 1 1]
   [1 1 2 ... 1 1 2]
   ...
   [2 2 1 ... 2 1 2]
   [2 2 2 ... 1 2 2]
   [2 1 2 ... 1 1 2]]

  [[1 2 2 ... 1 1 1]
   [2 2 2 ... 2 2 1]
   [1 2 1 ... 2 2 1]
   ...
   [2 2 2 ... 2 1 2]
   [1 1 2 ... 2 2 2]
   [1 2 1 ... 2 1 1]]]]
