1
2
B:[36, 4]
block size:[256, 32]
group: 0
block:0, 0
    1     1     3     3     3     1     3     1     3     3     1     1     1     2     2     2 
    2     1     1     1     2     2     3     2     2     1     3     2     1     1     2     3 
    1     3     2     2     2     1     1     3     3     1     1     2     2     3     3     2 
    1     2     2     2     3     1     1     1     2     2     2     1     3     3     2     2 
    2     2     1     3     3     3     3     3     2     3     3     1     1     3     2     3 
    1     1     1     2     2     3     3     3     2     1     3     1     1     3     3     3 
    2     1     1     2     2     1     3     1     3     3     3     1     3     1     2     3 
    1     1     2     3     3     1     3     2     3     2     2     1     1     2     1     1 
    1     2     3     2     2     2     1     1     1     3     1     3     1     3     1     3 

3
 REACH BEFORE ExecuteKernel
During ExecuteKernel
