column offsets: 
65 58 72 69 46 86 80 38 65 65 83 56 95 86 58 79 81 84 82 51 79 78 56 64 90 84 61 59 85 58 83 58 
C_multiplier 0.0878014
column_offsets_
column_offsets size32
65 58 72 69 46 86 80 38 65 65 83 56 95 86 58 79 81 84 82 51 79 78 56 64 90 84 61 59 85 58 83 58  
column offsets: 
82 51 90 79 74 55 66 64 88 66 72 46 82 58 59 55 58 66 73 63 67 59 75 79 56 82 74 39 55 84 86 56 
C_multiplier 0.0878014
column_offsets_
column_offsets size32
82 51 90 79 74 55 66 64 88 66 72 46 82 58 59 55 58 66 73 63 67 59 75 79 56 82 74 39 55 84 86 56  
column offsets: 
83 76 77 88 68 63 81 76 73 73 83 81 67 77 59 59 63 84 47 82 59 81 60 66 68 104 82 34 58 79 90 84 
C_multiplier 0.0878014
column_offsets_
column_offsets size32
83 76 77 88 68 63 81 76 73 73 83 81 67 77 59 59 63 84 47 82 59 81 60 66 68 104 82 34 58 79 90 84  
column offsets: 
72 85 47 74 68 64 102 68 86 102 64 55 80 96 96 82 54 67 74 65 60 101 70 78 77 81 78 93 76 99 90 54 
C_multiplier 0.0878014
column_offsets_
column_offsets size32
72 85 47 74 68 64 102 68 86 102 64 55 80 96 96 82 54 67 74 65 60 101 70 78 77 81 78 93 76 99 90 54  
column offsets: 
55 82 69 80 63 97 77 34 
C_multiplier 0.0878014
column_offsets_
column_offsets size8
55 82 69 80 63 97 77 34  
column offsets: 
103 62 48 63 68 84 99 81 84 58 75 58 80 79 98 79 72 96 76 56 85 56 68 74 71 56 60 54 103 55 54 90 84 72 62 98 71 66 62 79 60 62 69 76 84 91 108 32 71 58 78 68 68 77 82 84 83 70 94 71 87 74 71 83 89 72 56 74 75 65 82 77 47 47 72 96 94 82 86 64 68 70 57 99 73 84 80 84 59 57 43 67 68 83 78 64 75 72 66 32 112 82 75 92 91 81 62 75 61 70 62 83 76 81 99 74 76 52 54 48 72 79 66 68 67 76 90 57 
C_multiplier 0.0878014
column_offsets_
column_offsets size128
103 62 48 63 68 84 99 81 84 58 75 58 80 79 98 79 72 96 76 56 85 56 68 74 71 56 60 54 103 55 54 90 84 72 62 98 71 66 62 79 60 62 69 76 84 91 108 32 71 58 78 68 68 77 82 84 83 70 94 71 87 74 71 83 89 72 56 74 75 65 82 77 47 47 72 96 94 82 86 64 68 70 57 99 73 84 80 84 59 57 43 67 68 83 78 64 75 72 66 32 112 82 75 92 91 81 62 75 61 70 62 83 76 81 99 74 76 52 54 48 72 79 66 68 67 76 90 57  
column offsets: 
91 89 70 84 53 75 67 50 88 107 75 82 70 68 65 69 59 100 82 70 90 72 81 42 75 44 69 66 56 57 87 74 77 59 71 88 82 46 68 82 41 62 76 80 83 57 77 57 81 83 71 105 56 37 75 72 86 62 83 88 101 64 94 56 63 74 101 88 82 70 51 100 60 65 63 78 62 48 57 60 91 80 81 50 94 80 86 77 72 45 67 56 84 74 46 87 78 59 73 58 56 87 53 110 55 61 76 63 62 69 69 107 44 61 73 85 54 63 71 99 60 48 78 72 86 72 74 71 
C_multiplier 0.0878014
column_offsets_
column_offsets size128
91 89 70 84 53 75 67 50 88 107 75 82 70 68 65 69 59 100 82 70 90 72 81 42 75 44 69 66 56 57 87 74 77 59 71 88 82 46 68 82 41 62 76 80 83 57 77 57 81 83 71 105 56 37 75 72 86 62 83 88 101 64 94 56 63 74 101 88 82 70 51 100 60 65 63 78 62 48 57 60 91 80 81 50 94 80 86 77 72 45 67 56 84 74 46 87 78 59 73 58 56 87 53 110 55 61 76 63 62 69 69 107 44 61 73 85 54 63 71 99 60 48 78 72 86 72 74 71  
column offsets: 
127 127 182 179 134 139 126 166 135 136 179 155 142 165 158 134 155 137 139 159 135 162 111 142 143 147 147 101 160 142 146 138 131 174 154 154 161 146 95 148 107 146 150 139 118 122 163 155 144 138 152 134 156 151 94 131 122 146 130 143 149 136 137 105 
C_multiplier 0.0878014
column_offsets_
column_offsets size64
127 127 182 179 134 139 126 166 135 136 179 155 142 165 158 134 155 137 139 159 135 162 111 142 143 147 147 101 160 142 146 138 131 174 154 154 161 146 95 148 107 146 150 139 118 122 163 155 144 138 152 134 156 151 94 131 122 146 130 143 149 136 137 105  
column offsets: 
106 128 137 145 158 140 120 159 112 152 143 125 129 135 148 150 128 140 164 135 92 165 179 152 181 169 130 114 146 169 164 184 129 126 118 168 159 149 139 191 148 132 186 144 148 141 152 112 146 150 104 136 157 182 153 165 142 167 106 144 122 139 140 135 
C_multiplier 0.0878014
column_offsets_
column_offsets size64
106 128 137 145 158 140 120 159 112 152 143 125 129 135 148 150 128 140 164 135 92 165 179 152 181 169 130 114 146 169 164 184 129 126 118 168 159 149 139 191 148 132 186 144 148 141 152 112 146 150 104 136 157 182 153 165 142 167 106 144 122 139 140 135  
column offsets: 
152 116 124 154 149 160 129 169 151 139 138 183 151 109 138 101 181 132 186 150 110 141 122 125 166 152 150 163 193 112 167 123 122 110 163 151 159 144 137 124 107 164 104 155 111 101 132 144 157 147 145 161 127 152 148 171 143 174 170 124 171 148 135 172 
C_multiplier 0.0878014
column_offsets_
column_offsets size64
152 116 124 154 149 160 129 169 151 139 138 183 151 109 138 101 181 132 186 150 110 141 122 125 166 152 150 163 193 112 167 123 122 110 163 151 159 144 137 124 107 164 104 155 111 101 132 144 157 147 145 161 127 152 148 171 143 174 170 124 171 148 135 172  
column offsets: 
112 173 159 121 136 125 107 142 168 149 121 141 127 134 183 166 130 122 167 176 145 139 136 122 156 178 126 131 118 131 122 131 155 147 179 166 191 138 163 122 183 122 161 174 148 134 151 159 167 134 106 132 183 98 170 169 106 115 171 153 127 180 137 129 
C_multiplier 0.0878014
column_offsets_
column_offsets size64
112 173 159 121 136 125 107 142 168 149 121 141 127 134 183 166 130 122 167 176 145 139 136 122 156 178 126 131 118 131 122 131 155 147 179 166 191 138 163 122 183 122 161 174 148 134 151 159 167 134 106 132 183 98 170 169 106 115 171 153 127 180 137 129  
column offsets: 
158 148 141 159 128 147 182 136 143 127 168 143 157 167 162 153 
C_multiplier 0.0878014
column_offsets_
column_offsets size16
158 148 141 159 128 147 182 136 143 127 168 143 157 167 162 153  
column offsets: 
116 133 68 170 139 139 93 172 115 92 149 178 131 159 157 128 133 145 161 158 144 112 172 160 152 159 129 181 144 124 185 157 158 162 196 142 109 126 157 174 137 128 157 170 160 141 139 126 153 153 150 177 147 134 119 118 152 165 164 133 133 144 117 172 127 162 169 140 141 138 128 146 125 132 158 133 171 120 157 164 96 174 131 156 144 160 138 149 151 156 120 139 113 113 129 145 138 156 150 213 118 120 112 181 114 169 111 202 134 113 146 151 128 132 138 150 180 110 123 134 124 153 146 157 138 141 117 133 187 152 109 159 130 123 152 157 151 128 107 174 104 195 146 142 118 151 134 158 153 186 143 163 154 174 117 132 113 182 128 160 117 158 141 173 107 116 138 112 157 170 154 161 182 131 153 171 193 161 158 134 163 156 163 146 146 145 140 154 146 130 147 151 173 116 101 142 147 168 172 157 145 171 131 152 167 218 122 141 171 145 128 121 172 167 139 188 168 167 169 119 178 140 127 124 152 137 132 147 141 153 148 178 142 169 156 126 148 165 96 173 109 159 128 116 135 135 166 117 164 145 130 178 177 153 173 133 
C_multiplier 0.0878014
column_offsets_
column_offsets size256
116 133 68 170 139 139 93 172 115 92 149 178 131 159 157 128 133 145 161 158 144 112 172 160 152 159 129 181 144 124 185 157 158 162 196 142 109 126 157 174 137 128 157 170 160 141 139 126 153 153 150 177 147 134 119 118 152 165 164 133 133 144 117 172 127 162 169 140 141 138 128 146 125 132 158 133 171 120 157 164 96 174 131 156 144 160 138 149 151 156 120 139 113 113 129 145 138 156 150 213 118 120 112 181 114 169 111 202 134 113 146 151 128 132 138 150 180 110 123 134 124 153 146 157 138 141 117 133 187 152 109 159 130 123 152 157 151 128 107 174 104 195 146 142 118 151 134 158 153 186 143 163 154 174 117 132 113 182 128 160 117 158 141 173 107 116 138 112 157 170 154 161 182 131 153 171 193 161 158 134 163 156 163 146 146 145 140 154 146 130 147 151 173 116 101 142 147 168 172 157 145 171 131 152 167 218 122 141 171 145 128 121 172 167 139 188 168 167 169 119 178 140 127 124 152 137 132 147 141 153 148 178 142 169 156 126 148 165 96 173 109 159 128 116 135 135 166 117 164 145 130 178 177 153 173 133  
column offsets: 
159 146 122 143 128 153 135 146 149 123 153 149 150 150 151 158 151 101 184 141 117 152 132 136 157 108 167 175 179 184 130 140 171 144 128 116 170 164 158 157 165 108 151 150 142 156 130 174 140 140 159 164 115 129 150 133 117 164 173 177 116 141 100 129 177 110 160 148 188 135 115 149 121 171 129 149 130 99 154 126 147 187 125 144 138 138 159 140 111 139 147 100 169 148 165 146 141 171 143 119 138 146 183 137 160 153 138 133 129 177 130 115 134 120 135 149 145 128 139 111 113 115 129 117 143 101 164 190 128 160 151 156 148 135 195 102 151 172 167 161 139 132 118 180 142 137 134 168 167 166 144 126 113 150 133 183 128 196 207 138 124 143 143 153 128 155 146 143 168 182 165 162 122 150 136 139 119 144 128 166 149 166 130 114 164 132 126 134 144 126 139 137 141 155 180 168 123 114 188 153 137 184 98 154 132 158 127 122 129 153 168 120 178 118 129 141 177 146 149 128 159 171 190 170 142 141 133 147 196 161 167 141 149 137 111 146 127 121 149 130 149 143 155 183 155 146 116 123 166 134 153 176 151 146 170 131 
C_multiplier 0.0878014
column_offsets_
column_offsets size256
159 146 122 143 128 153 135 146 149 123 153 149 150 150 151 158 151 101 184 141 117 152 132 136 157 108 167 175 179 184 130 140 171 144 128 116 170 164 158 157 165 108 151 150 142 156 130 174 140 140 159 164 115 129 150 133 117 164 173 177 116 141 100 129 177 110 160 148 188 135 115 149 121 171 129 149 130 99 154 126 147 187 125 144 138 138 159 140 111 139 147 100 169 148 165 146 141 171 143 119 138 146 183 137 160 153 138 133 129 177 130 115 134 120 135 149 145 128 139 111 113 115 129 117 143 101 164 190 128 160 151 156 148 135 195 102 151 172 167 161 139 132 118 180 142 137 134 168 167 166 144 126 113 150 133 183 128 196 207 138 124 143 143 153 128 155 146 143 168 182 165 162 122 150 136 139 119 144 128 166 149 166 130 114 164 132 126 134 144 126 139 137 141 155 180 168 123 114 188 153 137 184 98 154 132 158 127 122 129 153 168 120 178 118 129 141 177 146 149 128 159 171 190 170 142 141 133 147 196 161 167 141 149 137 111 146 127 121 149 130 149 143 155 183 155 146 116 123 166 134 153 176 151 146 170 131  
column offsets: 
156 124 156 112 138 158 145 173 166 161 172 161 161 127 152 143 177 166 99 126 158 123 150 172 144 172 145 139 125 98 150 188 137 147 130 143 123 160 143 147 177 126 164 131 182 144 188 159 137 172 97 142 153 163 147 128 138 123 168 169 126 128 116 169 129 204 144 133 127 158 150 167 143 126 85 169 83 138 158 162 144 141 162 103 163 149 106 139 150 139 124 141 132 139 145 114 141 103 119 116 171 158 149 168 157 120 155 136 142 145 158 135 129 211 134 151 157 167 128 130 149 150 107 129 109 125 137 114 141 165 144 173 179 117 142 169 159 137 141 175 120 150 154 146 115 135 172 153 144 139 131 128 136 140 177 150 149 143 159 126 138 136 127 136 141 153 137 138 138 184 145 127 165 142 138 141 135 153 142 144 190 153 150 142 164 166 152 143 178 147 170 162 114 130 143 171 150 146 149 150 132 152 144 94 140 165 164 151 158 166 111 109 139 145 122 180 136 120 177 154 146 135 139 154 118 153 155 136 139 135 140 124 149 159 157 169 140 167 182 189 150 171 152 156 126 160 119 139 148 101 142 153 135 150 134 150 
C_multiplier 0.0878014
column_offsets_
column_offsets size256
156 124 156 112 138 158 145 173 166 161 172 161 161 127 152 143 177 166 99 126 158 123 150 172 144 172 145 139 125 98 150 188 137 147 130 143 123 160 143 147 177 126 164 131 182 144 188 159 137 172 97 142 153 163 147 128 138 123 168 169 126 128 116 169 129 204 144 133 127 158 150 167 143 126 85 169 83 138 158 162 144 141 162 103 163 149 106 139 150 139 124 141 132 139 145 114 141 103 119 116 171 158 149 168 157 120 155 136 142 145 158 135 129 211 134 151 157 167 128 130 149 150 107 129 109 125 137 114 141 165 144 173 179 117 142 169 159 137 141 175 120 150 154 146 115 135 172 153 144 139 131 128 136 140 177 150 149 143 159 126 138 136 127 136 141 153 137 138 138 184 145 127 165 142 138 141 135 153 142 144 190 153 150 142 164 166 152 143 178 147 170 162 114 130 143 171 150 146 149 150 132 152 144 94 140 165 164 151 158 166 111 109 139 145 122 180 136 120 177 154 146 135 139 154 118 153 155 136 139 135 140 124 149 159 157 169 140 167 182 189 150 171 152 156 126 160 119 139 148 101 142 153 135 150 134 150  
column offsets: 
132 174 119 165 182 143 154 156 199 159 143 165 133 112 151 152 105 159 104 125 128 132 127 144 143 119 156 130 105 144 153 148 162 128 87 147 158 151 147 165 149 151 153 141 162 138 121 140 146 125 135 165 167 154 154 184 138 175 155 109 157 149 157 132 160 136 125 137 142 139 170 133 134 110 139 155 135 178 125 133 151 157 130 123 140 121 145 162 94 122 119 126 151 104 206 185 130 161 121 96 137 158 165 157 94 193 150 130 144 95 162 142 167 155 147 146 186 130 103 187 142 137 175 143 156 158 144 152 134 154 152 108 158 104 87 126 125 172 181 146 125 138 141 109 139 172 173 140 121 112 153 153 174 181 144 127 134 157 123 161 123 163 153 160 127 179 173 126 142 143 121 147 169 118 139 144 111 128 171 146 138 188 89 142 148 165 169 114 107 123 149 168 120 181 154 173 169 184 140 151 156 140 161 141 146 125 145 157 119 130 134 159 81 150 163 139 155 141 139 158 143 152 141 136 109 141 162 156 125 173 148 122 174 114 126 146 143 118 146 160 181 146 156 157 118 124 131 159 122 114 145 103 116 143 145 147 
C_multiplier 0.0878014
column_offsets_
column_offsets size256
132 174 119 165 182 143 154 156 199 159 143 165 133 112 151 152 105 159 104 125 128 132 127 144 143 119 156 130 105 144 153 148 162 128 87 147 158 151 147 165 149 151 153 141 162 138 121 140 146 125 135 165 167 154 154 184 138 175 155 109 157 149 157 132 160 136 125 137 142 139 170 133 134 110 139 155 135 178 125 133 151 157 130 123 140 121 145 162 94 122 119 126 151 104 206 185 130 161 121 96 137 158 165 157 94 193 150 130 144 95 162 142 167 155 147 146 186 130 103 187 142 137 175 143 156 158 144 152 134 154 152 108 158 104 87 126 125 172 181 146 125 138 141 109 139 172 173 140 121 112 153 153 174 181 144 127 134 157 123 161 123 163 153 160 127 179 173 126 142 143 121 147 169 118 139 144 111 128 171 146 138 188 89 142 148 165 169 114 107 123 149 168 120 181 154 173 169 184 140 151 156 140 161 141 146 125 145 157 119 130 134 159 81 150 163 139 155 141 139 158 143 152 141 136 109 141 162 156 125 173 148 122 174 114 126 146 143 118 146 160 181 146 156 157 118 124 131 159 122 114 145 103 116 143 145 147  
